100
5
1 2 3 4 5
3
3 5 6
2
5 6
2
5 5
14
96574 441039 96730 27546 263553 454226 869071 127646 712494 370313 996685 993487 412541 945398
15
291763 289027 291195 377542 484572 152612 347702 635497 234352 193172 782397 396705 163412 214830 501808
15
336490 442252 998219 191806 291248 176570 95541 692106 323176 994397 345533 919540 644968 51439 716509
14
89449 81272 102776 10638 601453 191732 596455 423619 905217 130389 103565 540893 823693 794323
15
558276 186517 843808 32053 758594 315580 633245 790062 636875 352711 491003 507594 769692 690500 492759
6
415778 294164 813087 143828 56400 827565
10
422118 861606 431431 759536 57880 143896 583341 54672 343177 145273
5
673757 851741 219413 236600 437976
7
383586 717519 198349 608093 697720 815362 245063
3
237769 959950 853255
13
9284 9551 4089 4459 5687 9602 1598 9731 8558 2474 870 7381 15206
7
1163 9402 8598 5973 2828 1914 6788
11
5000 8743 4003 3727 2868 7322 9118 3634 9516 406 622
9
9532 6972 7901 3503 1395 8156 8806 4892 746
13
3639 5479 9793 5916 550 1798 3150 9247 3767 3868 6947 9687 14371
9
4299 5870 1287 2943 5713 8620 3005 1836 13105
5
1271 7859 35 2166 2336
8
6335 1309 6921 6710 2216 9642 3007 14880
4
9134 1136 9249 1023
8
4577 1980 2144 9569 9818 1649 9301 16162
4
8243 4036 1969 8563
4
7039 5425 5119 7601
9
5833 4069 250 5794 6601 1689 1719 3453 7150
8
6380 5253 803 9877 9067 8946 6341 12419
3
1096 7187 1112
3
3654 8580 12226
9
3180 6684 9147 5087 1673 9376 5736 1908 5497
4
3895 3717 9444 9558
13
5679 5323 6973 6977 300 7767 2218 6354 8365 1035 7631 5629 520
3
5145 9357 12436
3
3461 7402 4463
12
5266 3646 5246 3905 2160 5697 1301 9946 50 162 5705 10932
3
8559 9768 1863
10
1709 4996 8 8831 8172 3448 4594 8962 6198 3852
12
718 2238 7072 1329 7137 2736 6156 1547 278 9748 9328 6341
8
3998 4733 983 2140 4175 6097 6305 2391
5
3829 1411 4090 925 5448
10
5732 5362 6193 7409 3287 5194 6524 3383 5229 7917
2
7788 6105
10
9426 3919 9947 2164 2687 5193 4987 5978 2612 5393
5
7118 9687 9431 5106 2364
2
686 1931
12
6022 8164 3182 797 8845 6331 2109 5984 4331 8571 2904 3679
7
9208 6507 9732 849 1674 7477 1145
5
3432 5720 5156 2082 1846
8
8023 9894 6522 575 1304 5362 4091 15525
3
7253 2905 5900
5
6921 1004 9458 5390 10521
14
7850 410 2995 8952 5359 6682 4329 5061 5447 7706 1536 5258 6711 14402
15
6719 6667 503 5640 2485 3254 189 4466 454 9479 8292 1006 1952 7013 6281
6
1545 4031 7844 9620 1939 13589
9
9446 5300 530 8000 2504 8429 3931 5347 6921
12
7351 4153 5871 954 2941 497 619 1789 8159 3148 3555 2481
5
49 4487 1965 8512 1384
4
2685 5981 8970 8308
13
8959 8154 5254 94 6504 6672 8226 4107 1368 9963 6450 147 7826
9
4326 7077 7200 4499 6900 9524 6962 3476 6563
13
817 7806 4819 2588 8087 4215 7450 1220 434 15 4910 4395 4102
14
7843 361 3920 9047 7599 8210 4861 6608 2729 1718 6636 4377 4852 4931
9
4773 1490 5476 7313 3245 8504 2015 536 14032
9
818 2143 1493 8529 3376 222 6101 5384 6380
12
7612 4530 2776 4477 5230 5511 4361 7847 4537 8584 4062 9731
4
5948 2819 3313 4302
11
8307 7264 2339 880 8607 7264 52 5195 7882 6675 6937
10
4778 8702 3296 175 5674 4084 4153 6916 911 11895
13
2109 7828 5733 9005 1924 2459 9895 8146 4807 622 5635 2712 6329
10
1990 4576 7870 276 4517 8660 579 6964 4133 3298
3
4483 8959 13180
8
7444 4432 7814 3692 9045 7063 3625 10821
9
2236 9826 2471 483 1938 2976 9441 5674 6243
15
3533 6799 5021 8193 8683 8395 4252 2276 5298 2120 7593 4711 8240 9312 5493
5
913 8989 5266 4725 723
12
9690 9272 8575 8422 3887 5628 7670 4884 9011 1050 9364 9941
8
8584 7918 3410 1182 7644 9324 4206 6121
4
9810 1422 2031 2361
14
4114 8423 8319 8587 7146 544 148 9563 1560 1458 814 90 9600 10330
3
2661 935 2498
9
2961 8613 8205 3800 2227 5809 8639 8739 6527
8
2497 9169 5220 1252 8748 4514 1586 3884
11
9597 6187 6750 8593 2198 9451 1569 5557 3559 8280 5327
10
5829 6867 5416 1670 2975 8630 8734 720 2552 7494
3
9385 6000 13273
6
7176 6195 7925 5192 1848 2494
7
4211 2031 3957 7817 916 5930 3987
11
2340 3061 4955 138 5556 6065 4300 5832 8212 8202 6025
7
321 671 9235 9628 6209 9632 16304
10
6498 2393 1067 5325 5970 9796 8975 8530 1710 13624
13
8144 6112 4115 1388 5315 5974 3765 7579 1522 5043 5543 9514 7444
10
9767 2958 9839 7838 9090 1250 2806 5531 7959 12866
10
8501 2995 7920 4850 6359 8772 5864 4623 4093 5901
15
8671 7411 4927 5208 4787 941 8116 2791 6036 7861 4361 3821 5873 6832 9346
13
2459 2627 1053 7956 340 3753 4163 1223 8443 4156 4574 3554 12115
3
8210 8612 438
7
3780 1916 9828 5159 4580 5462 16201
3
1950 8605 9731
14
2111 2663 6373 3812 2434 3036 3325 8439 7076 6174 8726 5383 4570 8060
