100
5
1 2 3 4 5
3
3 5 6
2
5 6
2
5 5
1000
463008 373312 138540 866562 6436 502783 898298 80815 554271 616651 40896 379020 703481 452021 725066 157158 238013 110948 506270 923830 590429 774210 383665 746096 101670 291179 674237 725707 421756 87713 266734 209891 281185 809511 199484 886400 879374 54790 378817 491712 23484 424726 906411 112047 596846 121233 578701 895304 203054 8253 83504 539770 17465 84837 496742 920927 420108 398135 638718 93418 579801 172556 608889 958326 54174 555061 606381 149305 268311 994884 997965 121336 705469 950923 236787 611128 43031 365947 674125 590260 774626 86740 347199 864037 584140 451301 402171 986072 574436 18367 799370 328713 433573 213428 444015 324710 88817 629511 103070 784099 25392 780722 807550 497331 709448 248261 737617 425008 230954 964075 400905 372970 859902 369360 667506 171060 843274 258913 50504 975259 172757 946520 986167 606558 11875 60911 208602 388879 611549 966434 354532 140645 561933 137300 86589 555960 695989 65597 451401 703844 764171 383001 887177 169080 715467 771705 880256 494436 99227 48460 528838 173329 629684 84273 780150 222408 13015 175851 456698 559246 388285 173050 482062 946438 535430 941288 28774 993154 888995 544354 523496 537124 909535 65580 642811 542152 300319 724928 720677 103211 699521 453532 490216 636762 52949 602918 373143 878735 231106 823122 729590 624986 875850 35999 596960 613274 678056 406677 68965 189091 608116 181313 64877 354795 470242 535570 25972 775575 333830 782821 8571 954040 590246 976366 986315 832785 106236 348764 231317 779985 192163 221155 110607 120092 938131 976194 372428 741057 467510 522014 369489 634714 236154 256365 517828 197358 439256 943902 22234 103254 799971 57804 251237 851640 605254 220701 58610 275184 300149 800280 975555 786289 901750 930681 876576 919975 967539 94416 317679 247184 604171 491706 346942 837105 399092 208933 276389 461750 610469 568439 439934 186335 402166 325025 170568 543882 188563 711603 658763 137694 625372 337847 447077 606556 761604 883575 733551 211234 541940 335370 19122 552461 470598 866908 323688 833571 514144 99095 716919 284659 533502 71426 10804 920989 42021 149112 163299 96050 824067 995233 649185 395460 888437 506208 134844 690212 358994 269924 320446 385043 182431 612504 868411 570773 9451 684209 20120 478788 865736 677149 908211 754635 272808 143712 451478 679794 232057 331050 748121 347651 600894 545411 928873 26228 186409 778543 669084 96570 134551 210791 543135 902350 216583 202819 685784 423098 846679 998979 936165 715666 496205 60904 808135 398548 463602 632146 964068 555979 917882 964132 84887 354636 888524 767410 969113 186334 531164 932867 539822 670400 974918 173305 56493 853870 581065 200355 832312 283519 129769 297650 36062 405816 779571 454032 964602 41918 173074 143825 574444 199665 667249 523203 580836 845000 789860 922330 152086 379248 960401 396810 285544 481815 180882 848329 636024 94567 964274 520408 253711 612664 949587 346859 13940 197677 58655 528614 311486 851560 206215 15089 464657 123358 310432 225501 178184 636211 936212 370113 638568 323127 915053 552886 29278 741820 209891 46895 19367 840259 709846 358063 557616 705416 75485 705820 708771 942342 59125 572422 508227 846131 364093 662433 897034 348778 515400 893562 34120 974038 312994 457326 287652 797695 532656 747732 103846 880402 820845 680317 222783 259620 452056 65095 953572 407824 953367 182921 648059 798762 644513 423119 19126 435484 390114 944999 973576 956863 980174 168905 29670 292077 7913 118843 577182 200921 610738 380638 274076 969306 186269 882362 526829 662966 144007 744957 889568 198100 472783 653293 474700 752001 644311 314005 681073 773087 463403 590359 634633 476872 88814 407687 778000 723933 74198 478064 587728 532925 149779 646711 697350 535700 939608 577623 12308 284874 702061 79799 965014 699043 764988 169921 6772 873049 510989 442045 518321 768199 372506 772754 161913 980293 695880 318575 477089 881375 325598 699036 909252 960643 255736 794740 608658 808562 69513 412999 451566 814537 452056 42025 209192 831544 882868 573791 79782 773148 866203 287160 481859 290707 53472 733869 158974 87061 909383 96356 759726 815049 250775 372180 222943 708089 973592 743981 493026 537390 408018 714395 269376 245401 696322 254926 988349 727195 183923 21342 598116 134018 499956 600171 808494 388079 546030 814519 134676 335964 808690 358104 930355 83986 84957 363192 464064 367590 220529 447828 894078 937630 626124 256601 582474 157493 62816 794981 267021 160698 819810 122407 236518 151694 892384 681611 180990 71944 906886 128445 714620 690084 588150 478930 415708 281163 646542 150689 476876 260217 367747 890851 567327 645356 647353 1424 783032 874975 746172 522340 845738 944135 276784 164103 337546 18187 235141 82592 8690 399815 6168 480698 850591 713049 52179 727953 190139 805828 643835 544183 436013 980488 209964 898563 204811 94004 215772 37236 830731 184849 573145 274345 358458 785868 549362 267155 745008 143611 40819 694852 852354 765171 697248 930763 926227 567180 177260 579272 426998 708376 348882 72588 193452 142404 732675 688342 532924 317822 728890 447524 494346 196598 996974 442551 471192 207805 447958 470790 425108 744050 334966 622877 670179 135242 822941 70081 257628 831179 119162 275853 412827 945736 968828 217777 640843 829597 514004 314554 152357 69807 44644 47934 724110 591106 67260 936526 985764 414677 362222 875506 665366 745114 182451 728673 442424 55417 48008 264332 234375 268473 911584 397347 207935 104820 55768 405725 420475 79233 516557 344470 19085 473890 157530 180364 752066 428619 356960 554607 733855 627169 949435 715590 341162 953312 15685 188040 121625 381610 353730 389146 632795 347824 482830 677203 926222 957246 368513 385044 991282 839767 877487 114526 289506 424463 309036 463588 944006 387729 505913 323664 588785 545348 181783 59488 752315 830612 338359 199499 101349 623057 578669 935426 677910 573344 594272 909183 920432 167790 122236 128199 12625 851418 963130 500691 760227 662308 656076 392694 957217 307515 100133 52841 787980 780204 852802 799437 226260 363293 280507 864632 1937 305108 653279 637069 2913 112629 168707 219318 511659 30715 827530 465639 652195 361847 848128 103947 866661 246696 514219 562543 672226 542473 719743 50972 534626 500652 619609 106853 707561 81636 46578 51942 978825 162006 684219 55994 605401 217572 599188 738488 676707 540671 717525 2052 54409 237044 451991 763654 26313 205743 524575 324709 82363 283306 26076 14532 839888 315707 715828 246033 739556 883028 17634 602635 908261 769267 121366 730339 754817 160131 657859 623469 199491 820173 856992 74559 471583 588431 8052 517448 937834 332628 494897 937396 873796 952514 90761 999813 331522 359815 184838 806460 588816 458399 495347 513035 582633 151619 719385 262338 20569 957439 98037 801657 767081 428386 609306 241504 215900 883496 749433 768156 457960 35137 773425 959266 317699 625513 147592 961627 709891 63231 700666 675964 435967 704694
1000
585015 931804 681909 473206 968234 638271 776060 555748 756744 773721 499359 464839 198165 652620 727113 410792 66336 705574 647656 647471 152562 885845 728298 800307 147777 271411 533074 5587 973295 174385 151251 795105 235856 574777 651329 203057 49849 703251 875148 808247 103335 334406 452586 32888 884054 828203 969158 915146 837415 297588 652112 873166 8059 73433 986913 91235 908083 379756 244240 376222 882257 647713 124428 821456 346488 825411 501925 861554 549092 353186 991087 981123 547082 522491 603089 675367 271358 930478 420784 996826 573496 917040 921434 275130 34504 580351 574277 336903 353656 273840 92897 458858 522419 437484 845150 436070 753663 754556 506221 465025 234271 686112 867059 970993 801571 968646 583627 452056 981962 671669 70854 854026 595147 855747 406083 631893 596886 614388 881686 394613 673435 939898 88563 856279 690769 440232 38385 494277 165392 194766 504899 626831 931983 630554 767583 545991 25425 329565 118208 605418 304110 610780 336901 45023 227272 932915 449766 663131 539868 461684 682943 905605 631581 788578 349237 276556 10474 534034 62602 268468 462280 373126 207971 420217 918551 562090 662237 998996 640402 951415 695324 809109 608054 999204 549425 336712 654737 93388 424782 942031 145248 408720 303500 617809 854245 320989 568713 30949 238886 419529 639733 878782 887437 508939 260684 822236 846232 792479 667483 630796 393572 571300 367738 704364 878376 302640 735480 101788 88380 188968 290051 433965 388820 905708 54050 866092 240229 301341 467640 445030 570485 32522 594583 42072 162529 281662 512127 728984 33485 30255 412176 229396 716125 813213 904800 986727 962031 239626 566792 130090 544419 700167 632676 981915 375633 424228 901313 798636 185529 395091 774564 59600 815695 894668 647875 118728 552093 154001 888728 249999 50904 450955 237401 862745 178584 119544 373706 440296 540096 961894 398131 874983 131237 481530 890239 835530 641784 87929 998888 359858 664512 99411 98525 414309 790424 755411 386437 255617 575654 444123 248846 126902 55265 88146 777157 955228 802533 670396 446747 275946 478482 401930 830553 961410 402828 276028 729733 922124 969888 979768 794336 829506 471859 693808 214398 995781 235201 765722 786583 878169 369349 486883 16650 877004 578608 141401 340451 386688 475109 305042 265666 522649 754816 470210 445428 382937 938086 760737 691244 58407 761986 433481 694118 469340 81613 546531 727105 169905 613920 269532 11116 47778 390261 247720 177279 329173 784475 513461 573318 903229 238327 893523 677614 720790 919814 159167 401666 538256 530493 986083 236240 270718 777091 793375 321663 53178 497660 561964 857733 573604 543731 780807 663298 626481 17630 707103 439525 542160 541049 781222 163190 874722 141542 820539 845344 35454 550777 821734 315942 153534 941507 220554 993927 341287 944085 556010 77143 232393 610154 11067 228799 368276 105228 943485 518949 363444 364386 110172 602757 667530 746617 862711 864346 372850 230361 91608 694046 643398 110853 719987 886593 29364 627599 778878 739334 273240 376098 84624 220809 579650 894586 341209 664125 936626 713688 214873 332006 933490 15472 492655 364864 176850 561320 313669 274880 826001 701973 887059 4434 805758 472703 503098 919706 523152 899133 792760 70453 868133 309226 538342 509076 628566 65632 523116 666536 284673 788472 514038 453929 187776 163765 355037 479496 932664 690245 161846 237513 918579 31368 931813 804673 861687 187575 845722 486792 437953 269356 339521 687508 278233 967400 781290 884446 673309 731062 251816 135749 96024 631892 905046 364299 541463 265238 653931 899318 716314 481148 908563 443533 949601 817071 723656 668356 398173 385363 337740 679423 872863 212432 489761 292271 299102 203449 862993 453797 799263 169742 748695 565534 940798 419310 306635 69595 792188 772720 16819 511399 694561 354136 114559 371579 589208 481189 628533 1826 466789 394860 902231 813867 890317 454767 732391 663755 887293 381332 699865 488270 418427 270777 81889 318892 563624 948721 175395 886193 787794 743036 477283 480562 587001 767137 888916 10410 890518 804348 877337 307845 310552 847995 857789 412769 421555 274871 156397 167091 309754 188589 599013 760257 530206 286977 229159 460027 165889 414002 158852 710002 752432 96226 158848 326906 208567 904931 468563 21293 352406 656629 911969 343287 916577 177290 246403 711297 596603 390242 132232 527733 231659 892935 970461 659266 618591 105444 90348 420571 379880 696369 935687 464104 711171 978077 219220 42364 125602 771315 559865 709318 972912 126617 594751 498505 465184 499406 549045 777639 514888 820038 351499 906446 578247 692300 504110 696289 452152 698940 822776 11769 466785 322616 75327 57083 740354 36054 659452 58353 166607 446825 722063 706317 425967 508192 631850 48794 415359 483791 11445 516903 505276 704676 126038 818100 644734 342829 30191 831800 646777 994895 975256 253777 621830 489894 782663 421184 558430 53509 924753 53454 473278 812152 217717 283764 653768 86764 500970 986573 269492 727324 510352 417645 494558 982565 131982 577370 354880 135566 316647 888825 462056 447777 956108 36651 580157 913003 995438 314594 307930 730984 463561 55186 141190 868647 559082 872185 802134 304242 409570 403307 480017 258025 368429 248678 351583 660525 461338 56727 603655 926696 946029 803098 869226 181252 809918 355304 306011 399824 930116 709427 689903 317270 712971 211584 449630 808234 986358 583978 553658 427566 118491 629233 618205 53474 343132 311701 897212 796094 288935 304352 350220 119589 245036 266895 186966 663630 57842 790484 740436 246424 355272 617653 957752 121677 766832 286088 771443 728442 364771 176135 345009 677181 630052 206476 254093 383495 12930 569970 870635 87048 66696 735970 709339 861829 480464 963929 848186 299263 359742 48648 525291 634128 559169 557398 918268 894735 293277 34119 114991 954248 250246 967032 631293 5361 483218 198238 328700 353395 196346 10029 52235 955150 399724 517999 100909 481481 777840 897464 247551 977436 739534 300431 125950 244821 216242 132826 611770 878024 489880 771747 874489 987460 521862 629983 679617 913170 649688 746941 568978 799744 828400 116896 928568 396606 645194 807337 63506 626428 664835 565645 521072 681062 434682 525369 842928 775335 634695 957516 665352 740441 598236 580374 757238 857847 509042 45525 394888 321931 839209 743057 686570 813059 531894 478779 34644 410372 775624 173240 516700 286019 233238 250737 245972 724448 248845 916748 44612 979473 825487 901224 264341 506 770874 532423 169639 888086 303774 162739 787930 721553 162424 293861 594083 649263 837640 180455 941014 310136 163322 703043 583893 532839 550645 690895 588566 393250 347063 148536 101415 331837 91481 808292 49811 613658 511015 849484 668471 430231 213105 619803 118635 232720 879397 850761 942839 925570 553230 92677 718226 870302 83528 427340 831207 229522 288705 278379 875425 35858 149815 305918 462609 506681 946746 40980 301938 519363 67511 277683 972779 979288 567887 963171 258053
755
946492 204304 569999 951186 764380 599886 441617 885323 873483 166515 833630 314156 814805 248700 602820 963663 172715 532358 169517 87906 5572 290253 190233 782446 103908 407663 26574 43239 667941 759857 613430 593601 1043 419755 231606 732066 693393 412033 387235 22529 461935 37211 915660 67778 776809 590907 587581 220318 439460 393587 317732 695618 215272 151602 632082 102744 940592 580437 95995 905104 549177 123720 496230 829451 281499 631351 307278 68260 465625 391177 407736 879790 906138 514821 723284 824504 365659 749287 87751 232803 284175 597278 69450 964452 567350 814191 385578 880506 666494 749493 429307 387013 752290 144957 292041 407931 485344 70168 287276 256672 818837 807334 850732 849066 931295 915046 468158 160901 317699 419473 303744 24090 428076 990837 71276 386318 174513 286675 820170 549682 730773 131896 456494 535604 168325 380167 442682 790039 976267 715688 935537 523099 308276 27086 186329 852124 797075 755553 23766 587357 97896 191489 589288 569527 845339 503791 890658 875662 742763 109973 507523 39195 321387 784370 350279 904505 760206 574841 284056 336389 868780 754183 502650 352822 475358 367360 28350 379593 967235 899727 447104 698995 708286 147464 912272 596841 10072 554415 234089 646569 999531 233187 706350 816972 579666 470744 817391 534678 478469 606527 118093 853556 928022 349204 492408 186005 490360 152625 171258 366953 952110 706338 175880 554262 666728 373724 969697 948397 422500 664682 962813 910309 875315 343751 984167 692140 279072 553103 451813 625483 841744 81259 738968 955129 124071 769680 581570 624718 466387 661601 271891 34625 190214 31800 98277 111262 58112 581795 793168 209867 681028 568819 67421 190783 548427 738535 931187 54192 443552 766220 459198 317847 167412 236612 668280 109437 172897 197832 740500 70069 873745 602391 976066 564564 487803 562456 825323 174832 63580 372330 234126 989726 985091 537692 571576 126018 170712 272400 421921 769537 335598 411912 49373 776653 560530 717111 184125 389701 455620 655575 65757 673197 542485 305786 328305 968107 98695 778820 720202 466928 73104 311688 959513 970960 115727 678591 988573 130383 967225 606990 148267 290120 594313 125902 262216 832248 213216 773627 928099 917006 63821 302046 358080 450956 21387 523387 137429 879232 657644 311650 610537 187054 903040 481026 434970 509901 256640 263207 943956 814819 571933 33083 608466 877918 27145 322297 974013 929802 303909 16178 302471 323941 173849 520708 640067 777799 755803 668090 100298 362874 440730 663426 6743 570235 615144 595375 880569 780449 35186 912169 265775 271714 459234 899795 300514 214706 305689 8675 311849 334145 859987 803703 85100 521731 793711 46939 157575 590573 350863 864254 509658 895484 527380 656588 18858 574083 366926 413948 325012 765713 327368 419962 759171 510122 363126 570125 24455 575458 9923 701135 213804 118078 544288 638573 863504 801252 123484 234059 530673 914506 424246 659349 339859 717684 20938 310750 609749 748519 448160 185007 572965 987708 512142 604085 831255 750404 839290 649745 550019 885421 741184 554069 153947 155413 372520 992638 860505 658415 603891 315141 124006 79464 645792 400672 43666 625097 404034 792371 818468 173 13894 493178 145354 457224 873576 320134 147197 694361 136105 974339 820917 818769 543288 285956 800073 125432 632262 115902 20112 949454 975708 986069 378476 322904 717379 312169 847506 914775 170302 34804 310015 375501 778248 481078 384001 950152 4060 72076 9956 1240 882402 702762 945257 209149 881298 152581 505797 933354 496025 43872 516685 401893 508226 185269 273320 712366 81256 56056 962947 385150 300418 366648 591662 31062 571158 994589 487302 933571 937739 411440 340857 32635 508374 868750 983321 636458 65801 684190 90440 402664 680141 609939 653637 432971 550737 748192 885153 168216 356913 680316 16082 370177 317549 928426 332813 454582 839840 137902 591840 28960 113859 871191 131517 51607 230639 897173 112257 850298 307963 196184 227166 744397 610603 412247 172419 4626 505113 833898 107800 244268 441975 648836 45912 116754 724028 521014 993569 202138 365490 363715 701316 181027 609217 208983 321823 375364 742021 763190 581704 273497 189818 393613 843045 943130 894175 787497 305669 22912 483074 511770 153513 783150 571284 165436 715430 593275 771876 229781 882634 750397 266611 594763 203985 439203 678357 833345 656302 350847 186688 635272 664431 721601 790861 721028 925786 587573 161581 321703 154724 756125 696188 11798 631454 568055 286149 793857 245364 749381 248463 618472 381655 292785 751909 466377 961933 130715 520404 262569 859507 747982 387803 251443 191244 91428 597356 952319 239143 539007 303658 677996 723306 879354 564882 924949 7456 780039 78909 464818 69103 673613 315250 399894 932682 436373 396984 279130 60993 118932 723557 495291 12892 877491 157585 227699 450642 849585 652138 208313 292985 371391 195256 773551 247001 488849 54321 270044 266910 720258 887036 694765 550927 751409 639845 34737 559414 67404 177185 712614 627399 8491 115465 37369 697137 997852 130339 633912 845284 715281 606505 771170 103621 934163 589254 793578 814006 375256 853083 176733 865928 52701 483606 32899 388105 932308 658739 218964 821145 603968 323518 110839 155680 454139 324954 253275 227825
724
283248 922362 454170 418986 314027 881472 183147 275508 505125 555844 260362 719893 357416 691748 178258 489800 826027 416760 792372 431265 301760 744593 804506 866795 71252 625771 839343 789955 407495 895666 154443 499134 339924 892401 601946 669186 690310 73772 199112 376688 504937 228387 417365 287664 496481 756739 181366 617517 373753 390078 24939 167924 828877 928338 138628 728513 232700 176440 329046 821323 327882 187166 629759 799705 938450 643839 575181 831007 745183 868114 655029 47354 790525 996902 803297 75167 80214 676122 832229 802595 115954 450028 49833 719014 624730 428922 554690 462139 45717 272960 689205 382643 964830 763743 289504 201716 805819 737121 63537 272070 787917 170294 460154 603898 298835 595724 761133 862865 71082 767154 644435 938827 411725 750066 476028 949712 104668 310822 587769 875460 466520 816579 779041 950671 491228 821162 772780 57174 827229 619408 895353 127833 704574 38158 968181 612212 45083 726115 898288 965543 520931 259436 266218 866777 112387 425902 965104 625575 144837 690000 569229 828799 221443 918946 723824 69412 925718 837313 119926 43525 43278 673383 229915 328974 672203 232604 477691 387093 996454 869144 306814 927878 300846 385000 42868 630934 327676 209835 852084 165886 350827 237545 834843 520491 57270 376264 482823 1661 992214 759644 96229 268725 752986 115922 804988 676086 290050 948753 39963 154082 52647 383169 171896 177371 94960 187761 881342 100966 147901 189709 993872 218514 71903 32021 216172 64380 426965 2568 132969 548677 872433 527988 180227 341053 140774 634303 640463 319880 543703 80228 855666 580676 915659 959342 755385 8706 481549 724374 248976 696150 977148 507070 402714 501743 340470 398584 571778 198195 755932 264209 611035 728206 332157 798390 915930 288918 628051 376947 870253 914170 445722 742091 707285 305151 212595 428946 230870 871287 195901 381448 164748 490719 692165 888453 645239 384817 717516 933433 806995 505536 304403 584303 288923 77510 513926 130109 504322 745105 672376 903349 268281 857077 789289 89056 473558 914539 462918 68713 504628 832723 153871 774198 291743 715251 946390 164615 968211 257085 928174 344628 533026 984183 692845 461547 3561 406630 235132 542951 642225 235679 399964 718705 513120 575132 746070 410480 27580 575949 701453 723850 175557 729494 890376 837498 896493 68875 791872 974751 335880 904246 874019 687086 537232 768017 128639 954314 244577 30552 455389 366004 778986 672890 110067 501640 647074 598084 217435 595974 116854 382960 916423 913548 292361 248710 125368 237374 576971 452799 321283 2704 568389 451688 200479 313015 243345 53311 257332 674574 291905 924941 426444 920329 196982 943958 206217 145961 215145 262266 848672 544281 441759 191713 98904 784578 229308 126334 582954 732069 260666 461845 748620 62123 659508 280107 406406 515726 458368 914769 80629 3082 116416 595141 242513 433324 521002 630981 302337 83787 618128 765494 394899 352612 638819 203722 564198 182602 823607 740979 114663 900637 239704 53483 337654 737322 115169 897510 416347 566055 428762 467269 576623 382158 260161 273721 222628 264092 787176 365922 807404 801809 415555 981367 153312 435355 405359 48718 40137 994530 310856 992632 718068 984979 403487 560561 7459 261733 122907 480805 906662 303648 391620 747897 572468 483489 377480 488081 148279 152677 685229 186261 59032 969644 85653 597177 726989 72582 941818 810207 686235 583060 517519 21726 610760 830661 672303 686622 529236 365576 306406 277094 765223 687550 930384 521100 97259 563602 787305 40072 120378 469125 206439 713705 881295 741039 608570 942724 89172 787435 927284 363596 258756 388446 712429 677609 492908 93244 32292 697801 711565 273424 870341 595770 644746 495838 487001 753824 277824 756127 564510 335599 835548 246392 767799 205076 421777 658846 827642 723237 842321 611775 197892 226480 942076 158673 735781 713530 876368 716580 953294 118348 968082 889726 585444 216760 616845 37636 23504 625690 310519 544433 2863 782531 5980 781442 634975 341405 976561 512261 948397 537764 129509 457628 898725 201084 193802 47097 420848 872477 482048 554337 138887 472106 861448 973450 747354 630194 496221 321652 974865 54207 532028 202701 403755 232043 812556 631091 958673 212200 817791 875259 525372 411364 718521 826594 410050 419087 340182 346039 629859 368618 526836 208381 135896 573201 713432 384918 746863 601784 790969 721386 360874 699215 957538 811588 888354 194983 402707 573453 590090 227883 353958 121862 245657 332980 818903 744996 474210 877835 746022 557439 36984 678279 802429 298625 317675 324423 549612 470542 747072 990521 666221 276128 803849 132386 784802 497465 15933 70819 41602 74803 955994 41861 39820 960249 35573 779401 729934 960544 355543 840067 450042 869583 23575 783771 864312 518910 975938 99506 507045 524563 313319 7188 799095 966752 410643 136924 457908 667460 827186 179126 90842 7055 270587 519497 426166 48558 582110 928468 819674 647991 67929 356312 898827 29006 292354 870561 593309 651328 742215 279939 73521 427626 820626 491378
53
907266 975017 490077 382500 885121 822407 215687 947914 931094 704134 889539 399008 945510 443096 17433 252479 941300 538415 70952 64479 395392 427405 226403 201109 494881 214882 333313 312864 171263 604033 568774 360511 597612 656955 541347 354440 161939 806027 254743 408932 889658 354879 276933 392000 604496 162983 209288 767813 579742 586783 720930 76053 544731
219
316366 120932 87645 223938 255633 559076 494256 172527 137850 556743 953735 783517 222414 121131 405946 671101 612158 969360 997772 247784 440487 409609 851921 294175 24647 863921 414520 327575 439694 778142 245998 15477 171677 49044 134441 591924 558295 147753 419369 364842 536362 180781 818386 418281 72579 692005 361502 877977 637855 338276 171723 962693 579443 524341 169583 101899 142038 659899 288514 164134 337581 501845 330378 667681 457358 16694 421227 922629 178679 338033 449976 414561 542442 177105 597460 519975 963740 932041 146372 232119 43090 378161 757188 67850 590864 451706 980899 824733 940000 705957 707487 97616 319375 652994 449218 453756 933091 317561 262571 926802 347952 983020 427796 743752 838322 818825 698825 268107 641245 908645 958567 109801 644612 459450 564571 489298 747435 508774 139306 97824 92042 346550 164915 585594 601982 327819 594266 429116 462392 670912 366158 28322 649929 94016 400626 737238 938695 489716 949884 157582 461329 200551 540381 875203 8803 675566 533071 696277 180772 765079 342078 555401 797408 499542 864063 712369 687546 614409 754580 17833 522013 578246 233957 287251 502855 265653 366361 623902 744066 150762 703007 69191 76402 81294 883750 144970 103211 610403 217728 49829 570545 886173 510863 887900 583662 157955 815020 291605 782316 686393 708369 893242 136630 312986 651210 697129 164640 233203 624168 750348 16316 187586 245184 368415 750594 321617 412145 447611 59315 911165 620968 449397 681267 129894 144142 681645 892214 53397 984117
968
928114 794013 756835 28809 658093 994592 194179 539825 357538 635105 629765 192793 658486 108535 242512 756183 812208 349939 385610 714683 601263 763429 832773 34813 257357 808827 698971 403923 817329 461480 31593 165234 573638 853310 606561 110195 18139 905272 849853 273813 180338 956105 278348 829952 641294 916484 331203 378579 784415 313414 896567 990178 193542 975445 381125 464972 873730 272879 645807 5596 959180 986969 717090 501611 28634 551422 291539 626094 556946 222266 685650 158267 883323 20543 241243 10600 158291 306528 296722 861730 327341 348246 75465 486804 551483 946942 310792 617233 613651 581894 175841 678751 343889 660558 146447 950101 620786 330148 37348 159195 23264 405454 348860 282870 335986 1505 181784 92363 728934 861490 461548 27743 898097 159459 166008 917457 973878 378571 307335 266024 182230 43715 414260 919717 986499 267959 376218 171116 547348 200385 371371 749973 360705 886787 682362 140146 902375 569103 585613 406443 390653 815442 299500 499941 148467 885557 265609 857810 871031 107261 940649 319183 948625 697973 640082 247279 160608 524464 450434 518530 970789 898584 775158 548807 135670 814354 273276 484990 424030 906655 702058 861729 287877 617249 963335 169923 193427 538042 877953 89827 416174 60965 571527 915724 129528 333195 171039 961325 850206 194923 993042 716768 99312 446452 155204 33769 23159 516366 712251 95268 121485 130177 575318 956857 284816 7890 103897 899179 601766 769787 685600 264839 451721 645343 273622 254042 81812 485007 253775 473527 767465 945862 534602 949740 872683 520641 175590 233581 361066 503463 392417 46583 589573 392598 733202 901599 586985 327446 650985 32464 574511 668737 743508 305906 720593 330239 391252 299866 396098 441923 386729 790302 624035 224739 53680 74454 897389 667836 452689 807018 423880 623173 84076 718138 251448 881232 885441 226606 701839 549373 337502 472379 472257 191917 671385 482777 304924 698732 390731 602538 168887 146522 331514 713610 911029 948572 449260 989775 23880 435493 327652 79932 512482 783913 870163 624836 659885 932615 899776 990122 636151 284651 470363 291671 204899 843306 864516 839871 486892 704026 154563 929824 7333 940984 657777 93431 70627 684946 615997 456773 281455 440459 781203 394748 877628 99283 892443 266368 564331 288701 526648 323670 129973 368042 381400 766272 878599 426751 180677 589874 22988 774759 369831 377632 496372 356333 406048 393965 538571 34051 961192 680136 327274 789067 804925 896942 340635 523381 303254 362429 590155 699938 886140 881075 487428 231111 254231 875150 530831 203778 258299 665665 278384 579671 702133 442388 731253 985851 834266 941232 124392 746789 10344 45169 980860 663796 466584 610995 597189 250710 270595 924417 913386 232528 225354 463403 990681 756622 756026 902249 394976 493911 980742 161593 193896 610638 727897 416036 654307 39774 99514 471362 412477 585633 810135 230866 9880 107054 25447 699201 906411 67403 311878 935633 505086 478557 486370 138896 929268 567228 22917 424169 249872 938934 897851 679653 524376 64498 15380 190620 633827 530580 883536 999059 994572 794542 34669 228655 611399 762736 116828 390711 214002 764601 784623 681831 938004 736721 446618 405067 630668 194972 502424 160547 355095 177131 595130 556043 367618 232174 689586 560688 90547 909372 146493 408619 309108 831675 801110 184865 657110 160165 191216 953514 461684 769612 751184 912735 938502 609544 135651 48324 580576 547928 405717 657128 813219 207468 570017 977938 15328 779869 766570 346412 558637 903574 92749 580722 605241 147585 422191 218234 825729 983592 754780 490982 96225 499861 572297 541886 116396 407015 767179 388918 613199 711111 454227 79932 358341 192285 971972 120055 354163 687317 678649 151437 964697 417353 345535 26162 311168 936473 430371 612779 586186 59557 915568 635162 479242 12012 514994 102731 173079 683764 528706 157322 496048 112464 345188 380263 538540 701662 51661 895122 866944 948851 423776 97444 679786 4785 697480 638917 7223 991568 780057 466381 900881 557888 153265 399638 900183 120085 274336 95438 895024 738500 378503 668485 402228 517994 203656 378754 793290 736744 929403 794926 921787 575388 62462 172043 561124 642546 436005 628086 661508 705184 202117 827353 420627 985503 92694 18784 793725 648385 278923 772594 605117 53782 3128 147421 701655 191798 732151 720930 719836 398612 332450 254401 711722 836410 25975 568901 304689 593147 13286 352289 837771 546438 133221 466361 865548 85996 776823 174652 394475 950366 37773 650867 741993 990455 424253 198866 596948 267021 16032 237818 13122 171393 307415 138348 998362 360594 871950 164007 187069 938507 972534 480094 813579 82665 445398 940475 104670 888354 12746 311032 535874 596555 518981 140746 389900 91788 357544 587160 852650 257479 731628 116703 323339 172973 156932 890913 150226 139530 674940 208412 721227 980052 346321 597226 899230 936968 226040 139441 758330 380867 863976 866970 325267 700143 3193 208335 865195 290559 300102 114242 737073 399462 305666 557124 777217 658803 101267 533653 50721 951212 874903 478326 742982 840542 299859 700823 857432 308374 486249 828518 990458 86901 204677 713851 912459 985012 566992 625030 70892 630351 647869 235261 321513 752337 369135 310850 9723 262870 911600 54965 891677 233087 189751 711085 79169 57445 2860 835693 840045 875213 223895 194838 560609 886694 25123 936763 834129 659069 489940 503592 574849 586564 382968 438078 546883 301646 334338 553382 703685 474500 63934 490961 35004 872529 333903 79895 160381 310587 828228 421926 499713 216709 759981 637222 140203 782158 812508 422478 144143 303779 3798 549311 504088 480308 527362 86665 643556 588697 746503 467768 312577 238489 39753 709101 378655 5111 604557 563997 912653 199941 994010 755348 367700 347101 421593 335682 978852 547686 591548 506050 283079 436692 421674 111207 815449 800695 480699 795962 501617 130094 255021 525376 524414 729431 261934 638986 876075 766653 35512 517460 742019 514477 313806 336201 657833 824607 339797 294089 280987 999956 356202 605598 270072 707761 476465 908449 235969 342333 117314 475352 353875 104416 970515 416560 722944 919289 988360 775445 399848 748843 264134 681550 974502 56224 610879 986808 933931 417817 229901 819334 967754 661245 252206 175047 376459 41651 653857 728453 904719 770911 747201 851964 889781 600063 734306 772805 425797 85750 298487 761732 776262 690887 35393 884519 939983 890656 685939 487752 922402 209482 849296 760952 82055 51675 125846 82381 356117 60370 946260 956249 706064 90995 378399 153418 124278 262216 880663 896535 767495 416516 95309 618091 859428 557922 505418 401578 121040 568593 73351 15905 191977 160140 470504 852860 420920 398227 541548 726255 941391 977899 729277 85433
888
858061 827301 640092 973397 492333 969061 50942 864064 401816 917983 287059 938219 139312 349997 835483 523513 213188 70232 193343 144405 367427 667439 108593 488098 820742 98240 618883 10664 741173 376222 281349 764536 34394 461947 913764 780411 559050 514247 79866 751065 981948 417867 423104 574111 928965 917614 373645 547341 158110 868040 698675 53486 534455 948915 442987 614487 265131 784721 959708 622256 876546 153248 36329 299022 557229 822537 836082 878011 668034 69903 799819 632981 170677 771353 792980 348827 589122 966901 13150 273136 985469 788438 986289 612650 587538 213989 520277 369454 799399 180928 75734 265632 83783 482123 902226 343245 355474 246773 904031 636222 907163 727328 561979 546153 560535 12405 970605 816908 48816 109996 899178 801911 389661 590740 783476 161670 354489 695668 987606 871206 416131 551114 905211 382100 843258 596140 529056 922902 827963 212396 759289 358939 557699 716193 941840 818224 336582 179437 371938 820799 348211 925171 969200 276031 322486 753427 789244 339466 447677 262755 893358 57461 707131 289692 579908 348213 624527 813856 816005 967867 727526 153572 337950 897693 786256 710645 367892 365621 410019 300886 470128 781800 69035 928250 47734 951477 754372 252162 484888 231936 403918 762693 404110 654350 683514 725966 504304 597568 473077 716824 238330 169444 752469 883991 112028 52004 8529 115001 745483 373852 409719 886322 406440 938338 161110 345482 154139 334579 551789 51922 381935 667758 168838 559441 917203 923102 592094 906121 316496 330216 629350 568969 396047 4339 265841 726285 20123 598767 161849 579297 932876 557068 138929 29905 46159 813834 537611 625375 98181 882792 576097 71569 120478 210115 991177 929893 671759 574441 48704 168772 721084 1723 705302 500831 848986 171936 827358 652473 770119 814190 534628 615177 89329 522113 499835 218193 261522 112379 467830 129500 833467 383963 907055 661595 932319 766994 271833 309441 181159 118648 673768 50882 3715 262967 470331 926538 648285 587452 100176 912258 371249 952285 710666 73338 161576 700976 356669 527519 476201 675176 56971 49573 296166 444389 644302 783216 132961 295616 959846 154847 208461 66104 935558 807052 640786 198651 333300 341587 240422 302014 565049 76579 645341 929951 908053 500156 177079 808972 223466 231341 272696 288363 748699 547937 275440 680062 839342 269781 977574 196125 967224 7907 657093 120769 458108 954097 251118 704626 444695 330180 758422 872718 718483 457183 916975 623513 835560 693938 959147 292092 74497 500955 565982 271087 111653 250990 910276 101636 238193 38132 622758 268626 259023 722237 765435 750938 288963 141405 527187 842316 683453 710657 862537 387125 947911 384453 226452 926929 696758 85934 326322 528334 507805 617141 408336 36563 18588 622892 216543 229726 57041 947489 199186 435690 349530 499532 449636 670928 338318 821003 879801 879860 764001 30735 589487 677245 483338 713732 259800 916073 484523 630633 264077 536447 396483 963058 513955 654863 481855 786652 22319 592160 253302 254234 737656 645404 462652 920127 182320 231207 349762 980624 746916 843213 982571 460865 897962 630733 759571 425855 846179 379538 570515 353182 721705 556173 997220 441879 104802 670411 421165 526576 181086 126795 83380 313179 342242 821456 360840 894110 286702 951675 384822 419105 319510 287976 666483 854699 929170 142015 14989 71295 828502 642337 247870 237867 762299 383421 69882 170163 296469 243403 826994 949057 641422 53463 96446 860358 123050 426714 803702 675378 537405 630782 459420 762853 42939 382991 394311 839359 628407 713701 328757 785069 470025 139607 59255 405225 454358 183396 123932 295679 193479 772096 212259 743625 102005 139376 330936 425198 338094 810861 188192 204023 620366 91345 228825 912408 728074 102559 842583 331949 293969 196614 534135 837612 50987 387459 321210 147202 294139 685426 612447 96256 4900 36364 528759 645443 854280 855410 461836 609596 812502 462600 262612 2970 425326 839228 292390 289359 9298 80659 776411 78382 522759 36497 934661 790174 121483 325399 841911 198740 359795 356645 942072 727997 136169 965006 676693 311566 116946 654248 411852 91081 839704 57796 423145 674454 208440 617634 288625 597300 94860 94688 592446 141943 165964 146494 439156 272054 589403 987816 402863 615757 592002 346889 544914 911290 792187 237571 273055 683435 782309 256559 6536 934310 359219 871734 734498 880830 638130 473291 902978 665227 493922 792355 105246 491760 420498 344021 843742 312926 82778 652524 910901 88876 46301 251461 219263 130632 429628 472929 768493 333316 772511 538904 648179 285057 306723 690294 91306 690498 790625 909104 914847 626148 219982 49303 461947 792405 409689 84555 931391 973153 505714 966636 622387 752836 471074 3116 145892 38068 563234 156708 362770 729487 754275 938049 812426 939555 145595 959995 431918 549999 75095 910673 270120 521755 72463 272092 407101 109756 638267 567631 425895 811705 210819 800878 350314 658334 408764 93366 461653 989567 897149 246472 576777 559966 704897 697026 626220 977331 866509 814753 544368 487314 60901 11304 465276 251432 330959 564228 340379 665655 349951 353313 63721 629746 267173 360742 535711 84770 683824 34526 984021 922231 595782 471670 578648 546366 238463 211748 875955 875599 502577 879239 491877 697620 360804 137445 730839 637408 565134 769682 153188 282990 616805 43624 147843 499261 986047 620239 25436 110614 762999 400444 519096 741864 748457 670428 415079 417450 522148 516791 641250 58408 44571 74566 653471 69417 679972 201843 232708 127012 369288 454671 60565 47842 785768 180517 605657 569913 883557 805176 275809 115931 607085 64213 335902 498839 769496 387617 56174 191635 426813 981896 220477 822491 246257 515454 27713 587596 428335 335221 469191 795899 584825 487218 379265 741543 362753 554138 470765 105047 186055 905269 923271 748645 962616 651963 220025 441410 816686 979167 639416 566095 181933 279907 115410 113314 114040 893435 965218 612384 890443 6094 335874 782813 988335 256907 118493 41939 524359 110605 45474 164685 927270 399592 485807 544241 522560 209088 675501 149895 905547 233658 693161 708236 116364 303318 219608 258978 653908 623949 131473 984382 196621 493475
722
828705 210231 372731 368164 32820 94903 98712 794899 335192 996598 910234 4582 851804 196775 915664 878421 151426 77156 488285 600917 154487 945379 487374 949207 515493 52808 55498 28220 504836 424310 436551 127655 539323 43216 27642 777544 760085 207447 953738 625840 326483 347485 48259 1607 873121 215855 676853 721188 638598 380566 158669 186635 855884 379550 329323 485287 522612 912667 326664 351310 742334 226118 492967 547627 475405 834210 300407 379330 899978 761344 347302 165554 769812 525848 339291 109557 363197 858748 376496 456054 414122 522028 728446 195674 683895 694737 14614 328255 933245 273311 651189 644007 528566 656883 566232 632974 58377 357700 548225 48360 101361 871043 585097 460739 980530 253281 347531 924926 759177 95084 716680 766375 83657 186611 384799 338127 3040 543338 781126 803343 395800 842115 109279 233415 154759 469662 882992 959945 548102 262403 317051 568525 28784 411293 412209 55921 57810 523407 329464 908634 41560 452597 57691 931604 367957 80953 421329 910390 693476 227481 187152 442698 22436 530273 765536 336759 918609 438676 262184 878351 875649 652679 522023 975151 592465 534337 259344 151745 724223 591050 369973 149629 623047 419250 174695 106151 368611 269438 10143 709182 223488 388512 604138 643616 426026 765441 616426 969952 454368 309927 176754 756705 587761 887317 812921 579695 46966 500102 139229 284735 203296 548450 56128 188750 525848 288310 696599 973888 103943 230230 292702 147020 430777 432340 274629 38671 168232 150310 470897 391624 899775 90967 391738 8156 568661 824540 864648 164071 274287 557154 469233 805354 336519 35862 626882 82521 326345 659923 31995 539774 539358 143749 594993 819114 885595 156772 99901 186537 995203 664608 939505 478372 456179 758851 761188 506369 876586 107892 652669 124430 858056 148723 782414 828102 883080 145417 59495 211824 133460 127770 370200 297331 291489 564347 897623 88635 911686 340983 205971 283502 71770 161089 436683 18793 209119 278873 376876 392883 323533 761740 788249 202703 922709 132531 583754 489660 825674 236883 582008 467033 560549 526294 925416 47179 68028 205612 448178 743749 751602 855093 752837 52186 676393 177325 460365 872764 509524 494612 262231 932888 975508 786583 99905 651041 470793 981147 618861 547285 64643 862853 831058 881507 345859 525466 234463 950463 454125 76140 359325 669951 408941 169566 956186 149055 211851 780341 829411 711757 311190 777494 923142 164577 169052 761934 822497 614741 81076 633515 456316 748632 687847 844156 21261 150498 94673 460466 882205 83661 723194 665767 572575 391476 148709 305176 517433 132357 228585 146017 912325 706485 901265 979300 492091 818057 394997 837653 540209 432509 815259 889439 439294 80745 375235 43242 77282 100290 894373 792087 662281 959329 579134 63803 429260 269319 579885 259408 239494 415035 439061 994753 468279 308014 381117 252147 177960 568293 917085 597447 350480 324548 971864 946752 157834 188532 24874 240443 901276 786477 805452 329821 865741 789122 77557 684398 400482 424888 600982 699424 897973 199462 948519 349118 142222 175939 124242 747951 845740 34121 317328 868972 760086 56434 401522 901630 426241 107081 297009 376672 657704 957537 411172 151049 694337 826398 932564 893288 164053 651055 828727 154334 765829 235950 868873 472558 560555 326327 213638 265508 956530 37461 190826 911846 900009 276847 797868 150106 845280 720379 27918 321940 555503 966687 801543 522746 578713 430132 164618 699354 573975 759443 906107 989986 688979 660894 693575 891377 220048 380289 956508 88160 842218 43194 208491 830791 982791 323168 13275 95984 380928 88940 50247 998817 487265 817066 260874 309540 490808 329419 484658 808221 203323 510936 999602 871826 303732 979567 347395 385221 725549 460234 950536 454023 514348 895819 473351 5883 551908 474187 7290 658378 651955 809449 950047 809299 711940 482921 459847 22261 643758 358451 288206 481208 296850 158522 853232 777829 491921 772408 37958 213207 641096 581082 933716 643790 759430 776698 563800 155735 160162 851415 304147 355928 768564 829787 819261 10003 35237 764705 953141 277592 692501 631242 579663 762101 196507 19818 127330 988475 323826 703708 389112 674722 698281 647228 103649 809436 754509 538413 802738 557321 568681 777290 520328 466468 757562 96652 763644 856858 196239 497586 595334 537507 355353 43573 875078 17874 811114 870053 164271 680761 292684 571282 392549 89428 721127 206 287985 343094 885668 412398 560029 129635 516094 552186 569643 263458 794830 91125 549351 99328 401598 197116 885383 713392 287659 883378 791808 270327 501772 976617 685230 167183 124825 798202 718455 266267 255080 172092 365396 123714 942621 188051 143467 965869 15550 389576 598664 654735 919528 32991 90867 820351 351157 111173 484534 107506 693023 917923 817592 430145 815188 237979 155477 650556 934131 553985 515189 387426 944683 943623 175743 665294 609608 598480 20957 755389 85228 247522 33049 992036 170621 82538 117107 236665 651548 728396 969813 672781 596511 925143 240354 436167
798
570600 791473 869023 193212 509011 821699 353443 181334 151440 552317 624096 86264 703532 387430 995458 731107 341235 612206 7500 613824 498112 193001 670704 198185 159907 421478 688345 38144 831564 144708 172018 101661 674221 587972 42675 110302 542061 46435 661633 565072 90152 796668 566958 861592 463729 128829 265873 240979 751685 35318 820004 230888 541624 650796 154905 140825 955151 654819 564515 748032 936787 940998 971075 245395 362827 525057 490973 404085 634887 850276 861556 292940 181418 229856 735150 731694 161314 643083 933457 363143 170695 102785 773274 28308 940267 254966 201355 311104 188529 104957 383965 88988 616208 958016 164023 347227 494027 258717 262152 158299 244110 141996 856691 429416 130775 300172 663166 77278 531116 470777 82275 743400 505070 341456 31853 421911 134427 336186 784264 908773 279422 87054 787499 775707 604080 606829 250512 907960 705291 538244 892755 915796 483043 981511 28051 447175 571612 296445 756854 602404 939056 328198 753358 793794 607140 420136 412736 32854 811908 271547 355222 77284 853020 31071 234811 592657 783399 41428 478986 768718 472575 691132 221892 46057 159055 135436 205120 286244 440320 399869 125071 710796 160185 577509 777606 915480 66990 935023 962036 269521 205348 593380 556598 641340 759073 715541 357736 274852 220252 484581 247856 809153 26367 134703 338253 156710 525509 148395 720439 362799 846591 82643 780990 674844 428149 857549 259380 390584 177263 177210 593726 815159 308274 709471 291268 927686 538458 965677 575386 746121 815181 345569 422624 780229 357227 526211 429112 954972 937320 558437 218900 593874 386497 596442 597902 348383 749470 790568 376404 60827 424874 432745 117165 976480 336827 773600 183639 266626 368069 208720 531549 964959 120568 496712 655069 689625 711509 266302 542302 294595 878780 546046 729372 494035 978726 462021 669138 713195 8234 919142 329704 149500 745543 38603 229798 928878 546678 962716 133670 293704 28823 879813 15605 858741 117681 937427 795741 10665 625584 308727 914158 781371 343616 893305 963732 634942 643704 352648 381779 514992 607268 587548 287665 223834 893652 471636 43590 410820 87393 798184 505094 380273 3831 569488 232867 448378 259701 807106 883965 702881 298546 497105 274041 447169 473268 861596 199912 245439 694611 446465 654680 33865 870387 484714 693733 899460 313469 451950 865487 858904 85214 924346 610186 753802 265069 241635 831396 890269 372962 81620 164603 746764 818265 552848 26210 242069 583308 474336 798051 27866 676227 900872 20150 500956 839877 152292 99175 826609 431593 219581 160961 972936 566843 175156 445130 562713 73021 590110 967633 997860 550053 506219 985812 796499 469011 480572 514199 381637 470025 813346 432758 339615 41414 788398 524284 180076 513218 315253 262462 969278 773578 113040 519969 817704 629289 224241 785084 22647 556669 271698 618602 675358 990434 292305 842855 180789 955535 625506 98143 471764 278250 528908 866739 987690 857521 207393 642801 799113 73115 110808 218415 72447 342352 685314 9629 57868 967954 321472 4256 888757 4115 924006 578779 806642 126007 566934 771373 497663 827861 627743 52706 483703 393285 966879 543317 251308 78123 558114 295391 974645 949812 178264 417622 416747 550306 150724 631648 506294 111056 376900 650795 531905 742748 975450 454281 658517 674695 378685 173913 523479 333826 303749 761915 355464 239142 79327 687755 941736 567448 533976 234569 174309 145108 800451 740082 649350 13322 968199 267668 726197 932520 31941 485139 83860 480986 777299 104477 362747 247075 747273 592327 997597 428559 112981 660171 103877 173851 677904 99376 137777 325368 470413 639265 58958 427213 311537 181325 403038 926850 915460 485868 152490 835761 704936 929077 165178 760954 613219 220491 471473 990223 273804 520516 689866 787457 801123 62491 24819 80978 60433 170291 182558 757584 199495 729954 871903 822400 8644 808147 393889 819295 65664 321855 962851 384515 185359 33228 295690 614290 554530 590544 8982 501451 179993 883001 549474 87133 431486 362142 893496 732128 173385 66016 406929 408017 909808 273419 604524 923997 367337 690728 405129 471589 629568 285015 534166 449791 532373 826660 642156 632227 550707 47152 131261 621601 163304 803542 775753 235937 378874 107239 649624 552400 601123 81091 785179 632005 587053 71187 692226 208397 353506 712957 441952 536175 532743 737131 648520 934418 285368 779388 716811 127250 847062 883527 848521 304227 745769 282181 86806 246475 833212 80906 752196 328535 750751 416815 525401 394845 291324 324942 416174 214011 460780 291008 901027 124377 82718 493102 558021 262750 90378 149634 630975 67536 644025 135827 474362 141733 237702 226941 140724 40342 226597 809447 108676 399482 267342 683236 140389 179882 632365 137406 272128 724367 333431 454346 240581 698034 340399 998396 111155 521744 619748 550461 314513 186376 321345 2503 175126 533692 595795 320054 71054 480492 511123 532634 196378 885680 62112 970693 576069 658556 43827 428250 845164 117749 456263 472067 120249 542684 542865 73955 715817 769236 567530 474956 184592 565386 28197 538227 614849 695350 918872 701619 478685 539079 310990 737163 755643 578560 181370 458377 418643 546998 974415 946035 951739 285854 448949 186586 41596 993241 556989 335313 933978 441875 384199 594885 867810 254383 714519 826133 580947 791364 197995 169888 526471 407591 77473 492358 419892 324710 517803 575158 8151 787567 519801 388208 665702 655655 718919 693853 286713 842337 460539 723811 629897 182800 398830 735581 869703 237910 80627 485553 598895 464439 498124
95
1169 6895 1899 1721 9063 3105 4119 1891 7597 4571 5216 6247 7477 5527 247 3369 6986 5876 8413 51 2579 3222 7544 4810 1592 4734 604 7674 9415 1892 4886 5051 2630 5099 1777 9148 8990 609 7547 10 3198 599 7215 9426 7904 7295 7105 4554 5923 4100 5550 4171 7517 2011 2374 9755 6309 3969 3958 6446 9906 8333 1397 2121 5575 4764 7371 3303 8745 666 3752 9002 3965 1058 8070 4200 4042 7064 5258 2757 6008 7981 5783 9493 9012 628 7287 6304 1247 7404 359 6785 2368 3274 8487
96
912 351 34 2571 977 8592 9462 5827 2412 2141 5306 9991 958 7578 862 6806 8533 6574 5589 9583 593 347 1371 8812 1084 5009 7484 7 2560 1826 5877 7868 9716 7226 7678 7048 2379 101 9994 67 8665 7128 5457 7043 3120 503 7846 6557 4033 6852 3811 5911 3796 9863 1105 3554 8984 8064 2007 7050 9048 975 4336 7781 9406 5267 3416 8242 5174 7234 1595 1642 4075 3543 8417 9994 189 1732 7539 2113 6371 6117 9695 4639 7951 6652 5044 4911 7475 768 2641 8463 5806 727 484 8181
36
8069 829 3082 4169 3450 2609 5991 9877 2285 8031 729 6423 4894 530 2544 4750 3548 905 3017 4515 1939 310 4499 2069 3079 4737 3873 18 769 59 1116 905 4523 1993 2468 12748
44
6449 8518 1060 4483 6572 8495 3896 6025 4978 590 9042 7793 3345 9321 9115 970 2963 3547 6338 6495 7849 1949 6309 8600 1698 4675 8205 7730 3229 8481 8630 2969 4056 585 8559 8449 3640 7529 3479 8292 6636 6812 2422 5770
67
379 9552 8731 9382 6012 7813 6215 7760 255 1194 7281 4403 2891 8052 6309 322 8308 747 412 296 5830 3218 3169 9760 7114 683 2506 7676 6426 2530 4049 6574 389 429 6904 6531 5934 658 7259 5177 6316 8630 5493 1109 1068 2912 4891 5158 1556 5563 7150 1615 820 3162 2484 9834 9889 5065 5776 5831 970 7702 1775 5480 2315 7008 9591
72
1665 8943 3337 5241 5003 8089 362 4663 9347 7280 1440 3922 684 8121 80 1431 1610 2835 8937 4198 4861 6482 2710 8165 7964 7311 4802 8369 3220 7801 6435 2156 2358 716 6474 4337 7630 5142 4095 1651 40 3105 9996 6591 4350 5043 4236 2172 8602 4334 312 8826 1084 913 1597 8652 7499 3257 3166 9693 2 3888 6587 8317 5675 3435 5316 4018 5431 9562 5100 12160
92
9419 6755 5474 393 117 5339 6682 3963 662 8635 5162 1987 900 9212 7590 4034 7820 1932 4597 6089 3647 7046 2844 8598 1688 4180 941 8798 6473 4761 9706 4113 3229 3824 2548 4677 6125 2137 9831 3836 6083 6591 5551 7132 5971 6726 1912 7064 935 8892 5913 4778 8262 5799 246 1620 9563 1001 1289 3868 2179 1886 5509 7574 4265 6402 7538 4965 4588 7387 4829 2535 4855 4041 7251 9945 5793 2845 610 156 7134 905 2116 3770 7932 8662 5574 3834 6537 5603 3622 3642
43
4131 8479 3451 3706 667 3098 8011 2679 3612 618 109 2629 5534 5093 8762 3783 5309 31 7695 1235 5308 8963 7522 734 9318 598 1203 8259 6279 2834 9032 3471 7989 3061 9317 7379 7327 7779 9757 8700 1077 3215 4227
73
5984 933 4474 4396 9047 6284 9981 4834 6738 733 5063 8926 3538 3473 6685 8012 373 5940 3573 7675 5845 3397 3568 6166 9992 5936 946 5908 604 6107 6017 6582 9507 7985 3250 3298 2881 5925 7778 5162 7719 7503 441 4568 9200 5167 7601 8316 8504 9616 7906 8838 3962 7419 4061 4290 5800 6797 9116 9699 4051 4896 4109 8344 7307 7303 8487 185 551 9229 9255 1881 793
81
6558 654 2677 4175 9062 1930 6492 4857 1000 4927 492 1137 769 7251 8 1859 7796 3410 4954 9904 5444 844 8304 742 896 5140 5524 563 8599 1860 8064 7989 18 1616 4637 2024 3570 2375 1109 4371 492 9912 9555 1106 4935 1005 6647 217 2125 3559 2091 3021 9538 3502 3753 2544 8277 8003 2757 9095 2661 5333 4422 508 3662 4768 7984 3703 3324 6139 8187 7 4997 9101 5059 7414 5802 8007 1151 4173 181
94
2582 5634 5940 3090 4606 604 9475 7924 6896 3081 5247 953 7850 5911 1972 425 1939 7999 9162 691 1227 2342 1993 377 1832 6555 5164 602 3916 5244 1877 3827 3552 299 4316 8316 7945 730 1839 1241 3166 716 8053 1250 2929 7860 1616 1178 9917 6824 7481 3892 9138 7916 715 7116 4066 1645 7062 2671 1880 4536 3647 7658 6068 3029 752 7373 5772 5499 8472 3743 6622 5852 2174 8485 1235 2124 3737 1131 2122 4654 822 8465 2263 8266 1401 7931 3176 7438 59 4179 1769 15558
36
5741 9541 3820 4143 2401 5469 9590 3549 9224 8726 1107 7189 4984 341 3498 8379 1950 4342 5564 9687 5415 5532 6904 4513 4617 5951 6726 828 5433 53 9637 5594 6174 127 7195 10684
11
4612 5968 6099 976 3218 4152 1177 1212 5601 6474 371
33
2875 7385 5133 9169 9654 3290 2737 7628 1500 2872 4617 9000 7791 6252 1096 8691 5370 6148 8092 1131 4330 1972 130 701 6668 1955 5530 8329 5230 8207 9543 5209 9447
59
437 4742 3294 420 203 573 7788 9886 4077 3498 1297 8941 164 4828 8273 8401 2599 6934 9347 3687 1148 5970 6601 2944 7022 3382 6992 5156 3708 6224 3403 3038 4560 3566 3454 9183 1573 9278 9483 5837 763 3671 2345 2411 8670 8855 7000 5420 1212 9959 635 8929 9994 2617 1456 917 7942 4127 9334
72
8467 6667 9213 9978 6217 3043 5820 4170 9493 9739 7440 7196 5886 1153 4623 8731 226 70 4999 599 9065 7024 2769 7166 1682 2220 9461 4389 3962 2117 8440 2903 8135 8806 7946 2260 518 105 4594 780 2409 5994 9687 7196 7786 7527 988 4932 9222 998 2859 1312 5841 6489 67 2463 8252 5960 9286 3104 230 7869 1269 6604 1409 7332 1135 5598 6058 744 9137 10013
69
9714 3083 1912 5381 1684 2885 6234 4241 9083 8693 5556 994 5954 5072 7795 940 1675 5713 8074 8906 9446 8226 1701 8601 9143 4836 2240 8042 9879 7135 3980 9249 652 617 8073 889 804 6518 9827 4260 3600 9104 3251 7874 7087 6161 5606 6080 9797 3632 4305 7344 1618 8759 1423 1383 9521 9348 1839 7843 7305 3912 7119 576 2248 5174 661 5938 6187
86
6864 6966 7617 7395 7477 9914 5106 9262 3374 8414 9606 3481 524 9014 6705 6881 2179 9721 5015 6269 2875 2290 56 4203 9747 161 2863 3603 6544 3326 5155 5178 2613 8500 8981 1524 8121 5139 7728 2152 1450 7001 2564 6168 5034 7928 5627 9587 5262 1183 5423 3596 77 3908 1078 4037 2143 1680 4681 6207 1532 5847 3003 8781 3591 6251 3113 7924 9704 6678 5895 9937 7457 1125 9848 7991 8600 8 8881 272 4503 587 8333 4473 8145 11952
9
2740 831 7663 9891 2650 6402 6084 8120 10723
63
2710 6033 117 6417 1998 1802 2316 3755 8461 8084 4061 1774 4300 5019 9772 6820 3475 4734 7049 3721 9510 4413 4368 7862 906 8885 2415 5810 2412 1592 4036 314 6671 5242 3577 1048 3722 3352 1827 126 5133 9026 9897 3889 567 9944 6453 4495 6121 571 2211 5079 6565 4745 2253 1252 9961 2886 81 1104 7556 6270 6454
19
958 2714 8467 3026 7027 9305 2303 2597 4942 1756 1907 7313 2640 6222 1569 5176 8922 3611 15523
61
4206 657 1453 6746 4040 250 6897 7538 5465 9166 7036 909 8579 2793 4798 8989 695 3609 2341 3316 9606 6417 1653 1965 9396 8340 3351 6634 3857 7753 8849 3976 8193 6933 8266 3692 7756 9231 5458 6249 8195 22 1423 5204 8326 1941 7272 6652 3463 3214 4583 9329 766 3053 5806 6654 8058 8903 2163 5372 2903
33
9775 6946 8688 2425 8535 5224 4907 2045 8989 8348 425 3674 842 590 5681 6070 4659 2697 2015 7881 2029 6349 1786 3802 7703 1424 293 4004 1879 7013 5895 8848 4755
80
1705 6087 7804 6363 8093 5629 4429 2714 1782 8686 3031 8231 6623 6287 5550 8350 2973 9211 5706 2045 8394 1684 1569 4471 743 9487 6366 7529 5820 9513 5685 6320 4046 5450 8478 5466 4664 5854 665 7531 1980 4974 6075 1372 4749 4148 2276 3539 3934 3718 5425 7668 5271 7045 1614 2547 1303 3020 8976 9000 6360 7657 92 8596 1849 9871 8919 9719 1058 3414 2168 3813 5283 776 9788 2550 4445 188 9632 7160
51
1105 8100 5860 3715 9481 8361 2904 2244 1365 2094 1170 269 1603 8983 3487 9222 5159 5111 7274 2348 5526 177 7363 3976 2977 4514 1416 4135 1644 5243 6128 8402 9863 6529 4526 9106 6288 5084 7268 4700 3035 846 4866 8818 617 8895 7085 3859 602 9171 7086
93
3299 7408 1225 2847 5587 5097 9872 8765 3916 9897 2025 1691 7051 6710 1187 2158 5749 2105 7101 9634 8376 8022 9427 2529 9488 994 4473 6777 562 4213 4676 5986 4448 2532 9325 3352 8933 8495 2490 3671 5915 2659 6517 6334 3535 6729 7105 3658 8996 3459 465 8894 9831 1772 615 5034 1770 3788 9038 9034 8309 8899 1391 8648 6540 3531 9122 8461 3573 6246 2704 6088 9816 2575 2512 9023 5253 5572 8751 9797 9742 9350 1658 7552 879 6859 3939 4177 4186 779 8300 9292 764
89
3207 6317 9468 7974 2060 4687 4043 3833 9716 15 9947 1846 923 5277 1952 3045 389 4660 7873 4201 1016 59 5566 9311 5 3471 5635 1536 8313 2277 744 7949 3730 9619 9988 3648 7174 6623 1557 58 9607 10 6193 1470 3308 6134 4603 9587 5592 9047 7795 2713 9456 293 4654 7396 7282 4194 5837 2269 4452 5677 6613 928 1472 608 5158 562 8819 2713 155 3230 5811 3194 6714 2232 6288 4024 930 8886 1371 2290 3238 5855 2852 1380 98 9652 2832
58
1822 1183 4127 7292 3518 608 1698 2653 677 9971 9529 2194 8782 2472 156 5765 3660 8440 7733 1063 1796 2096 8100 8186 6365 670 7844 6721 6345 8049 4788 7113 7723 1690 7521 6918 413 258 8034 6695 9447 7639 7134 8051 4231 109 1211 8650 6032 7218 8278 7567 5878 5043 9321 8525 3206 15096
43
7402 870 9947 5972 1005 7152 2912 7680 6356 33 7221 5536 9016 2646 3534 5280 784 7997 6772 5290 728 3601 4751 8685 8213 5342 2647 4799 6583 3609 6861 9820 4225 3490 5758 1179 8575 2868 1168 2779 7352 7768 380
58
7431 6928 2095 2764 1761 8164 9640 2435 7040 347 3124 2278 7502 7850 5316 7492 6266 1030 5234 3856 1614 9518 6655 9389 5683 5508 9183 2780 3762 8168 6664 5277 7753 6090 2796 5651 4995 2586 1428 2334 3053 821 9210 7305 2204 2281 6245 1380 6072 8492 8907 8880 5035 6931 9597 1925 6993 6075
29
5801 6839 9772 4376 550 9475 8723 1916 9974 1935 5891 472 6775 280 3116 4302 4066 7329 1974 2000 3557 8130 8883 5817 7313 6727 3861 1464 12348
85
1378 5383 5794 8491 3931 4035 9532 7227 8075 9588 3311 1164 1888 8293 6994 2605 5969 2799 5988 3933 2707 9617 979 1923 7886 7433 5457 6960 4441 6406 8077 3932 4432 9143 3365 6642 1107 1665 8549 5380 7538 2659 978 1281 7381 2779 9960 8365 5508 3311 9246 9861 741 4757 8244 4756 1434 6646 4596 5652 8089 4519 3208 9780 2803 9880 9581 4445 4204 2075 4904 2855 3867 9824 5395 9407 7110 894 237 7834 4965 662 3901 691 11274
99
9635 8600 9940 8075 9107 7548 4282 1756 654 7482 1768 8874 3775 3750 8066 4480 6633 5313 3540 9462 4893 2021 390 5018 3330 7495 533 5508 3212 7508 5629 8202 9059 9958 3444 2433 9203 6224 5007 6844 2613 9552 357 2095 2887 2945 5247 6543 1831 5647 7137 6908 1350 3116 1669 5578 7661 367 9593 8103 8336 380 5779 3037 6782 4921 2305 9866 9765 8563 6674 3347 6973 2575 739 5073 5511 3317 6855 8407 6020 1708 8337 5269 9475 9330 1377 9960 4248 2196 7458 5871 4314 3772 6053 6790 2441 2888 14698
7
5115 1313 2780 8010 6681 6542 219
10
3515 8479 2153 3942 8410 8149 4531 995 5862 7409
62
4205 7201 5840 9992 5773 6446 1980 4059 3745 6133 2120 8975 4652 1120 5311 5635 309 3551 333 6366 7654 9372 5594 9178 7507 8498 5476 9708 8109 2109 4419 5003 385 8277 5430 8676 958 8342 7950 7375 2627 7397 3272 8891 6297 1014 8927 9750 2671 4260 8250 5313 4763 4865 5827 2398 3104 8591 4855 1966 8710 10074
95
5935 8820 2418 3855 7599 5151 9818 8800 8662 2050 1970 2012 5203 3467 9033 6767 6825 7005 5260 7334 5338 268 1959 7847 3936 7479 6491 9858 7759 4703 2040 5474 2807 4418 6907 2857 1423 5370 5572 2532 2206 9742 6029 5929 3695 6203 6310 6974 8468 5815 5565 1613 1407 8960 829 6480 7738 3557 6588 8133 8111 4361 3350 5448 3320 18 7574 9316 1164 8667 1545 7024 7342 7175 6907 3953 5917 3735 5462 8883 9184 2673 1837 8500 4887 7839 4123 3100 5134 5448 9860 3543 9377 6262 6286
57
8623 5572 9879 4776 7294 1203 5289 2109 3521 8682 1147 4703 3764 2051 2875 5910 1703 241 7425 5847 1247 5611 4763 5926 7312 5891 725 7047 4106 1968 9846 8756 601 6398 7363 7497 9645 9205 3154 5485 5723 8898 2451 9329 9213 6150 3515 2007 9930 1526 6557 1975 5153 4058 8772 9399 12304
40
1353 9620 1862 8135 2125 2765 7049 575 1487 7207 4581 7561 4 1073 6934 773 6823 1580 1643 6399 6237 6524 6917 6775 1363 3664 1201 1077 2459 8324 1547 7230 1070 9756 6036 280 2680 7812 4614 8813
45
9177 4323 5356 1038 6515 8526 9361 3296 1385 6336 2913 346 7389 3009 8583 9918 3558 5190 574 3341 4102 3091 3560 2887 2685 1848 2380 6949 1911 6220 147 7308 472 4333 9797 2863 940 9665 1153 6683 3662 3546 1873 5851 12980
34
9362 4579 4509 4986 4558 7989 4509 3462 5851 9710 9863 6711 3740 2647 3435 1008 9414 5021 3581 4364 1434 5100 5909 6852 8118 3113 9209 2387 6306 5597 9539 7658 2310 6010
16
8205 3872 5198 7973 6853 1327 3706 2983 5508 5318 2688 3695 3463 539 8005 11013
32
5816 8600 4922 6359 1349 7657 7026 287 6253 8899 3400 3238 9530 8039 7655 9102 8191 5766 6110 6450 3436 825 2963 6777 5095 5471 9820 1644 6179 250 1872 6649
60
8523 6662 3814 2067 3260 5057 1238 1493 326 3081 7170 9358 9546 3214 6507 6684 1726 219 5090 552 5282 3438 6183 3275 2759 5466 2694 3226 2953 6639 8787 8770 1108 7624 6222 930 3904 7755 9379 3545 3740 7230 7194 8730 5571 6177 5872 2994 2345 2095 2926 2484 4677 7300 8722 7634 770 6889 8427 8209
9
7229 1053 9128 442 7239 1559 1685 6114 12565
14
3299 7931 7234 4190 9604 6398 7185 5978 3755 2870 418 1216 2919 9133
12
3781 1417 4517 2930 7574 7 1617 1376 1824 1300 8517 5189
52
8438 1261 8742 147 8645 9538 7206 7017 6818 4574 1330 2047 6845 866 1971 8261 8269 6852 8224 4243 2122 7519 5987 9061 5206 7761 4469 7761 8006 2232 595 5711 1153 5955 7299 7691 9727 3566 6532 2731 9517 2695 5011 5619 1779 9538 4030 598 5727 3375 7531 13546
80
2015 2559 523 5353 8352 5035 9128 4406 5560 6365 1195 8611 9732 9078 9988 7475 6303 9454 8282 5744 3017 3672 4822 2892 6917 4065 4972 9110 3934 2162 3636 8851 9806 8284 1 5306 2576 4376 6458 1116 1935 6754 4325 6565 3846 796 390 614 9499 7524 7251 8474 5075 5324 6510 7936 3278 3359 9259 2714 6580 5018 4670 1371 4714 3155 8315 962 8867 9481 1895 8730 8289 3604 2374 3785 8056 7659 6465 825
31
7593 7447 2396 6488 1829 1334 8892 9187 5393 4592 7266 7059 8460 7234 6243 8437 684 6859 9657 2757 922 6918 5071 6112 408 5953 8200 9105 6735 9999 5782
19
3628 7732 9671 8683 2993 3682 4946 9874 4871 3720 4203 9008 6842 6743 8062 1049 1426 5683 7334
9
8665 7588 2100 4926 1134 6198 3921 3315 14477
22
5514 1112 644 7056 7590 5783 3501 6382 7066 2077 3500 6232 7729 5728 9105 5194 4568 4501 5428 6437 4081 11488
60
1146 5388 4763 1526 3831 6892 9747 302 4250 8937 8532 991 6291 6245 1991 468 1582 390 1895 7776 2377 9790 8115 5508 2186 2988 2487 6567 3426 8484 2613 3766 2197 6091 5754 7605 6856 222 5495 2162 7046 2672 9930 5027 3601 5332 8880 5254 2604 5809 4851 4099 6811 6038 2551 7756 6325 1983 3414 11861
62
6884 2353 8197 4795 2736 5650 5091 1077 9988 2726 2509 1590 8331 9088 1150 1270 3268 9309 6301 8544 2440 8680 4412 4048 8168 7364 9584 1435 7624 3031 7872 1711 5254 4548 601 2292 5842 2321 2898 4598 1470 7163 6750 1482 4129 9284 4623 2214 3098 6886 4042 1755 7175 132 5570 7451 2055 6329 8962 9128 6860 9568
65
7933 8800 5924 9863 1859 413 2797 9899 9311 3139 4497 7461 9444 4012 8954 7095 6030 3896 8773 9734 8935 6750 1060 378 2494 205 4245 2099 2777 2800 8275 440 5491 9514 98 2254 2005 1274 290 5700 9085 7472 4353 9627 1037 3443 7787 9083 1681 1078 2704 7692 8632 4631 8696 786 4069 9367 9510 5100 5397 7494 4479 4867 8511
15
7944 8124 6456 1740 468 1956 7138 6615 6557 9612 1316 7155 6261 4954 13036
54
381 8411 653 5428 1208 1951 9282 6972 4152 6113 1417 328 1821 3999 7384 2908 9617 3150 373 7594 5353 558 5679 1774 9066 5912 3388 7064 6118 6134 1741 7585 1075 4649 7249 8468 2503 9939 3899 3989 3447 2931 9844 3734 4795 4871 681 9248 376 9702 500 9721 729 5000
56
9922 8151 7174 491 4062 5843 59 8716 9208 2826 5959 9659 2997 9118 3663 309 1029 5425 8937 34 3696 3110 3902 6170 8526 9666 5221 6999 9265 7678 392 8916 3635 6587 1882 3274 7597 2964 378 9125 2142 4314 121 3514 6507 7165 7122 7160 9826 9781 8025 808 9375 8621 1850 13334
10
5084 6597 2737 6875 7921 3618 7576 6908 1445 1083
95
3875 2272 4732 3086 4432 6099 2972 5514 4276 5454 8695 8061 6554 8204 2877 7707 6847 6757 1721 834 8650 5073 2066 1740 7843 6067 4817 367 4726 1646 4909 2693 7363 4825 835 7634 4081 5326 1200 7989 6184 5888 667 2591 9155 5690 8607 4375 2795 3005 7529 5047 6155 2135 8279 5694 1213 6348 2167 4084 5408 9379 4953 5588 1229 9171 4252 6708 7065 4193 9998 6171 1811 2743 8549 4477 7830 4406 7323 4561 4444 4569 7089 9733 9968 5596 1817 8360 4045 3407 5092 968 8505 1705 5420
83
6979 9692 9708 3380 788 1100 7950 4306 3267 8048 6023 9182 3880 7072 3986 1879 7025 3346 1259 3492 2474 1708 3619 7915 6955 9246 2058 9865 1992 3509 7021 7507 286 9564 8130 2035 4759 7729 1853 3726 3651 3199 3582 4514 6467 9710 5967 9155 5288 9025 36 6203 852 964 3459 5258 9753 9025 5165 9364 9556 6246 7354 2043 3545 6182 75 2180 6964 4874 5606 879 4568 2527 8662 3838 9423 9339 4431 1226 4375 9536 8089
26
6461 9413 7551 5335 7872 1269 1769 9195 1073 3009 2550 2531 2025 9795 7224 9827 1301 5618 661 5826 7073 6793 8964 2261 8274 4456
64
7658 9998 9073 4046 319 517 8476 7327 1485 1213 4858 340 4760 1962 4230 3986 8102 6956 8198 1853 8310 6668 7451 7173 9293 6082 46 4913 9960 4057 7466 1733 6322 557 2901 7926 2238 289 2614 4022 8721 5848 9617 296 3650 6569 5134 2207 7843 3667 3341 3133 9838 6421 19 8805 4121 4093 9332 5277 5046 6455 4496 6777
5
2246 3757 9049 4620 685
98
8874 4764 5681 636 5209 4601 56 7162 187 449 3240 100 4580 6349 2410 985 3369 8072 8498 8854 468 7685 7361 7133 3382 5350 6665 1582 5527 2902 1670 7879 5692 7512 5492 7831 9842 7820 2861 6548 1793 8550 566 2113 1303 6702 930 2804 3385 2582 9315 3353 739 7893 9466 8787 1045 2707 6446 3763 1796 3693 7459 384 8577 2008 1761 9819 491 9801 2887 375 2860 5952 9753 6337 8080 5823 2218 900 296 2329 6013 9111 8732 7943 3039 6629 5144 7513 5781 454 4815 3058 5254 8910 4798 11721
87
4001 6221 292 2712 6600 3312 2915 6580 980 395 2280 1668 7008 3735 438 3061 2701 9971 1372 2076 2221 8762 3269 2826 888 2842 6972 1503 3297 6317 2216 5940 9589 351 2619 8560 308 7169 76 971 6720 2992 2111 7438 5701 23 5264 6691 6678 446 3401 1224 6071 8711 4261 1963 1086 8941 1825 6803 7408 6284 4391 1932 648 6997 5777 546 1015 147 2517 5590 2132 1767 6530 2454 4172 9720 6465 8293 670 567 1621 6082 5353 6511 3830
82
5799 9087 7534 7661 1778 7404 4370 8749 15 692 6857 7973 7187 154 9371 1203 1126 199 863 2831 5761 3544 3192 1691 9858 452 299 9294 2512 7574 5414 7291 2160 2493 2628 8931 9383 3399 8366 5357 4532 6095 6365 2895 3611 3150 6498 9109 5216 1669 5704 6203 5681 4682 5334 2288 5267 1788 5496 7096 2209 9400 4546 4495 2016 5820 625 6712 4305 6547 8898 1160 6093 2558 255 6226 797 275 7240 6026 6071 14005
6
5111 4038 137 6880 7506 6922
10
5280 4829 2178 9302 9719 6457 5158 9384 3458 11115
70
8557 9084 2210 5303 1175 4312 9456 8815 4492 5990 8831 70 9242 962 8608 2937 2495 7333 2765 8412 4678 8739 4733 7823 738 5587 5048 1473 9540 8599 5829 3477 2242 3011 141 4023 2929 7542 219 2126 4196 9779 2034 8669 7743 9803 620 6587 5225 564 9434 3196 7112 3077 2838 6408 3600 3658 5372 7328 9282 3261 5259 9171 6745 6596 9675 9006 6871 8139
36
790 4083 4163 5511 3431 1864 4950 6877 8263 225 7954 6287 6216 5176 8400 8793 3917 4495 382 891 5579 6238 6844 1516 3773 1834 1821 733 523 2906 8778 3642 5420 9547 2120 15388
24
1521 3333 4608 3638 2416 7523 2265 3689 1215 674 893 1248 7383 4525 4677 7591 7903 222 117 1337 6529 2626 5739 5593
23
7993 4916 3704 8563 7631 447 2418 3988 4300 3311 3520 7365 8488 8356 239 3019 1487 1139 5939 690 3462 5095 4355
76
7648 6391 6806 2784 1489 2245 6499 3158 2214 7318 5335 1102 3621 6289 5903 2995 1542 8381 5785 4293 5576 1673 931 4194 1242 4264 591 3982 4340 2723 9205 3533 6311 731 3949 6969 37 7988 3264 8047 2261 476 7427 6152 250 7016 9189 6440 8253 8066 6369 8514 80 7156 5069 7437 8511 2518 6446 3856 9952 5542 8837 5732 4832 6993 9650 2401 4067 7577 6534 6043 7212 9891 116 6526
32
3366 3357 8590 7045 4849 217 779 9359 7262 6225 190 9262 2433 510 1769 1493 8932 8675 4305 3623 6165 345 4057 3220 6460 9928 5100 1748 4262 7748 8224 10174
25
9977 8274 5280 2563 74 5396 545 6940 9609 9670 5596 478 1927 8013 6747 7823 919 9918 758 8297 7899 9559 8005 9653 6898
64
9962 5026 6227 1304 9205 8075 1701 2947 3104 3772 9018 4557 4129 6905 3346 68 1054 5661 2888 2282 6630 402 3260 8991 3181 5410 3381 8307 1822 3288 3975 7027 2320 3333 8982 1253 9882 3147 101 154 419 7098 7080 7425 4208 3283 7404 2357 960 7242 1440 8187 3301 1242 1573 9748 4550 9957 9458 3411 3632 9271 9497 946
54
2944 5581 5331 7832 7588 1742 7699 112 3982 6259 797 3680 3075 8791 5137 7667 3516 2071 2719 8189 2652 1781 3694 400 4995 2945 8008 5830 3445 5320 19 1153 1651 4334 6372 1437 9725 7028 6940 3835 6883 332 57 4362 7908 7096 7622 7160 196 3901 496 3016 8283 16362
61
1829 8516 5764 584 8022 4543 4092 7096 9813 1129 4218 932 6356 1009 4072 4104 8064 6967 2969 9200 8787 2619 9774 8587 2440 7280 9782 4995 4762 3054 7297 1344 4987 41 724 4991 6038 3000 738 3135 3608 5696 8335 9113 8208 6236 2502 28 4422 3221 9241 659 7686 9583 1456 6901 5886 9749 7624 669 13525
67
1431 3716 9987 5987 6325 7377 8192 3274 6836 9217 2637 5672 6268 3408 3440 1462 588 2456 8175 610 2485 3680 6991 4370 1875 920 1076 5247 77 8562 2723 18 4915 6325 9757 9237 5528 2489 4592 2321 9164 5192 1308 4075 125 8741 1024 1011 6084 2073 9901 3304 3741 9362 1049 3110 1418 7669 6073 7886 8538 1702 75 4885 4224 8501 9612
88
6491 931 9291 9795 7297 2529 5924 1945 5108 4209 3960 3329 4466 8888 8647 6034 3388 5558 902 9524 7505 5425 3411 1031 8905 1393 3388 1089 7796 9155 8138 6826 7908 555 6137 2574 9462 5659 4582 9770 927 5064 6997 7671 1409 7552 4805 4677 8891 6999 8083 887 9056 2677 3526 3331 9330 307 5191 1498 9293 3055 5701 6478 8820 9958 6538 8232 2072 3946 8595 145 1683 6452 290 5716 1101 166 8560 8268 4781 657 123 3891 6914 8264 7919 3591
7
5531 1814 2132 4525 8826 4570 3460
26
2053 8536 266 4415 4648 8098 1034 2307 3666 6281 5659 9588 713 3853 1863 1326 7094 9299 6602 9556 3085 4588 5171 1443 8084 2388
36
5333 4987 8382 3802 6228 6692 8577 3497 4299 8521 4483 8586 7790 7135 4887 6069 8774 6930 2166 5712 2345 87 8626 9921 6621 5772 9637 147 5121 8418 7554 334 7590 4169 3203 11601
69
5867 5803 3292 179 8117 7957 1598 8341 9402 9509 3088 3659 6349 6866 7040 1364 3564 6535 7700 1689 4565 1737 2358 7417 6106 2550 3939 306 8100 9988 3071 8795 2677 447 9272 3421 9387 746 6086 7295 95 8611 8429 9326 3864 9186 715 3028 5946 7484 6285 5071 2265 6356 8723 8816 2225 1265 831 2504 1190 3279 8698 5747 4721 1598 3558 4637 5731
