100
2
2 1
3
1 3 2
4
2 1 4 3
4
1 2 3 4
4
1 2 4 3
4
1 3 2 4
4
1 3 4 2
4
1 4 2 3
4
1 4 3 2
4
2 1 3 4
4
2 1 4 3
4
2 3 1 4
4
2 3 4 1
4
2 4 1 3
4
2 4 3 1
4
3 1 2 4
4
3 1 4 2
4
3 2 1 4
4
3 2 4 1
4
3 4 1 2
4
3 4 2 1
4
4 1 2 3
4
4 1 3 2
4
4 2 1 3
4
4 2 3 1
4
4 3 1 2
4
4 3 2 1
2
2 1
2
2 1
7
1 2 3 4 7 6 5
6
1 3 2 6 4 5
6
2 4 3 5 1 6
8
1 2 3 4 5 6 7 8
2
2 1
3
2 1 3
2
2 1
8
5 4 7 1 6 8 2 3
4
1 2 3 4
2
2 1
3
1 3 2
7
1 2 3 4 5 6 7
3
1 2 3
10
1 2 9 5 8 6 7 4 3 10
9
8 2 3 7 5 6 1 9 4
9
8 5 7 6 1 9 2 4 3
5
1 2 3 4 5
3
2 3 1
9
4 2 3 1 5 6 7 9 8
10
1 2 3 10 5 6 7 8 9 4
3
3 1 2
4
3 1 4 2
8
1 5 8 4 7 2 3 6
10
9 4 5 2 3 10 8 7 1 6
8
8 5 7 6 2 4 3 1
2
1 2
4
4 2 1 3
1
1
8
2 1 6 5 4 3 8 7
1
1
8
8 7 1 5 2 4 3 6
8
7 6 4 2 8 1 3 5
4
3 1 2 4
9
7 1 6 9 3 5 4 2 8
3
3 1 2
10
1 10 3 4 5 6 7 8 9 2
10
6 5 4 10 8 9 3 1 7 2
10
8 1 7 5 9 6 3 2 10 4
10
1 2 3 4 5 6 7 8 9 10
7
6 2 3 4 1 5 7
9
1 2 3 4 5 6 9 8 7
8
8 4 7 5 1 2 6 3
3
1 3 2
2
2 1
10
8 3 6 7 10 2 1 4 5 9
9
1 2 3 4 5 6 7 8 9
2
2 1
9
4 1 3 9 5 6 2 8 7
8
5 2 7 4 1 6 3 8
8
1 3 7 8 6 4 5 2
4
1 3 4 2
7
7 2 3 4 5 6 1
7
1 3 5 4 2 6 7
9
1 2 5 8 4 3 9 6 7
5
2 4 5 3 1
3
3 1 2
10
7 8 3 4 5 6 1 2 9 10
5
4 3 5 1 2
2
2 1
5
2 5 4 3 1
7
1 4 2 5 3 6 7
10
5 6 2 1 8 10 4 7 3 9
3
3 2 1
10
1 5 3 4 2 6 7 8 9 10
6
3 6 2 1 4 5
6
1 2 6 3 5 4
10
10 5 9 8 2 7 6 4 3 1
10
1 5 3 4 2 7 6 8 9 10
6
1 2 3 4 5 6
3
2 1 3
4
3 4 2 1
