100
8 40 34
2 43 47
10 2 93
10 91 13
10 35 15
5 100 0
1 50 43
10 51 83
4 32 68
6 62 80
2 20 96
4 0 100
2 89 88
8 66 9
1 81 100
3 25 69
4 32 44
6 84 15
6 78 22
3 31 26
5 44 51
9 61 83
6 48 74
2 93 77
7 50 0
7 51 7
6 30 3
5 56 93
10 94 50
6 65 65
6 25 19
10 71 0
3 88 42
7 30 36
6 87 81
2 50 13
5 40 60
7 26 49
7 20 26
7 93 68
3 74 85
1 98 0
10 59 56
2 50 88
10 52 51
10 87 62
1 74 35
8 65 12
10 6 4
2 89 34
10 28 75
7 17 76
10 5 73
4 25 3
6 25 47
1 60 13
4 20 78
10 8 45
3 67 69
5 43 4
1 50 26
3 24 69
7 92 50
3 75 90
10 90 60
9 93 3
10 47 34
1 0 0
8 50 100
3 76 42
2 50 86
9 67 20
7 70 28
8 60 67
6 62 3
5 1 74
3 75 43
6 90 95
9 71 46
10 30 56
2 60 94
3 100 100
1 92 12
5 96 98
10 35 89
3 84 4
8 65 89
10 45 92
8 62 76
2 7 76
3 88 33
10 18 79
5 98 25
4 75 82
3 49 5
2 87 95
10 90 80
7 33 62
8 80 80
1 50 89
