100
2 80 66
4 71 14
10 5 82
6 60 70
10 78 17
7 65 87
2 25 66
2 80 81
10 96 16
2 25 98
6 3 1
8 33 66
5 92 4
2 50 24
5 80 35
6 94 75
1 50 0
1 17 14
7 64 66
1 43 98
3 42 87
6 70 6
8 59 39
2 31 79
6 100 0
2 4 88
8 52 74
6 50 0
6 24 13
1 5 100
10 32 70
9 82 77
10 81 85
6 56 61
3 80 30
1 32 8
3 20 75
6 17 9
7 70 7
4 0 0
1 5 82
10 67 13
5 33 70
10 62 0
3 60 7
1 65 85
1 50 92
2 50 5
10 23 42
10 55 90
1 4 62
6 40 4
9 28 62
1 41 77
9 32 99
2 50 6
9 42 8
7 6 29
3 27 71
1 50 73
8 30 44
2 93 34
2 23 66
10 70 5
4 41 16
10 23 77
5 75 54
10 47 82
9 70 45
2 84 15
10 12 30
10 54 92
10 55 64
10 90 41
2 75 77
8 99 33
4 65 78
8 73 65
6 23 25
4 1 62
4 64 69
10 42 81
8 50 100
4 40 80
10 30 50
3 28 57
9 51 92
5 25 49
2 100 100
8 60 74
10 14 24
4 25 66
10 57 85
3 25 6
7 80 63
10 0 100
1 50 23
5 40 83
10 45 44
1 96 21
